[app/ui]
version = 8.1.1
modtime = 1614648291.820012000

[app/launcher]
version = 8.1.1
modtime = 1614648291.824606000

[app/package/check_for_updates]
version = 8.1.1
modtime = 1614648291.826124000
